200 100
59 35
36 19
85 15
54 89
61 75
45 33
34 39
65 23
51 63
65 90
19 32
65 21
54 4
77 54
22 80
84 33
68 21
52 53
88 58
95 50
33 40
35 20
31 1
43 82
16 8
73 35
93 38
9 47
94 86
53 16
67 38
49 87
11 53
40 99
12 87
1 97
80 37
17 63
38 12
98 6
73 71
42 66
61 51
65 8
89 70
76 8
8 78
95 19
83 88
71 47
75 72
45 7
9 14
71 99
79 69
6 52
92 0
70 5
51 35
65 92
5 42
1 66
20 96
37 3
84 8
51 12
33 48
71 42
14 94
94 93
63 0
97 7
52 67
65 55
54 30
47 12
24 48
78 96
97 15
52 33
76 55
97 9
55 69
3 69
63 97
63 79
49 12
38 1
80 55
56 34
86 56
98 62
56 76
59 53
44 63
87 72
18 36
81 73
5 36
42 21
34 57
52 35
70 90
89 2
46 97
88 84
53 87
98 10
63 9
15 59
72 54
31 90
91 64
15 48
1 10
21 87
19 73
22 41
16 63
43 14
61 32
50 66
19 48
76 34
58 92
46 30
98 29
73 89
46 40
90 47
50 11
86 22
85 60
63 53
24 59
67 85
43 17
51 14
17 80
0 75
24 46
6 22
28 31
64 74
71 54
73 74
65 59
48 2
19 11
7 95
22 74
80 65
43 84
31 61
16 32
36 92
30 94
14 58
77 30
32 1
84 57
75 2
16 23
56 88
86 64
83 61
90 16
26 86
52 10
47 68
42 35
60 72
82 26
31 59
9 15
12 93
73 87
47 41
62 4
29 1
20 65
62 10
81 40
96 33
50 95
53 44
83 65
17 65
43 48
76 52
15 89
98 88
28 45
82 43
1 11
96 21
76 10
84 9
2 32
42 53
