0.016502
0.042358
0.029900
0.005957
0.014633
0.006738
0.002923
0.008244
0.008416
0.010419
0.014658
0.015861
0.014799
0.002498
0.006873
0.011333
0.013057
0.003151
0.002498
0.010615
0.010909
0.016076
0.007598
0.006525
0.002498
0.002498
0.003838
0.002498
0.002498
0.002923
0.015361
0.003560
0.034066
0.012451
0.005030
0.009895
0.007486
0.004069
0.018028
0.004636
0.009760
0.007459
0.006103
0.003838
0.009340
0.003560
0.003206
0.009909
0.014617
0.002498
0.007433
0.003621
0.004472
0.024147
0.038445
0.006052
0.006355
0.005796
0.007728
0.008425
0.004149
0.003963
0.002923
0.014875
0.008479
0.010306
0.014903
0.003259
0.005306
0.016979
0.009975
0.003487
0.040169
0.005816
0.012847
0.017648
0.004299
0.002498
0.009652
0.005027
0.005544
0.002498
0.003151
0.002498
0.005459
0.003883
0.013613
0.031345
0.005432
0.017591
0.008746
0.002498
0.013500
0.016641
0.018477
0.011612
0.015339
0.014937
0.002498
0.011536
