236 186
122 285
24 346
271 304
176 9
130 329
204 213
252 332
82 65
276 26
280 272
211 199
84 236
133 62
239 172
322 53
3 170
175 46
170 176
170 56
254 194
231 117
127 135
285 103
188 133
23 116
73 299
288 315
119 323
48 57
200 98
313 63
199 304
53 346
344 239
56 67
118 325
188 119
26 277
134 56
270 76
135 36
223 170
170 274
88 21
339 119
108 197
169 271
62 236
275 273
88 186
213 186
83 23
28 312
242 57
214 20
307 71
20 333
207 322
339 168
308 277
186 341
322 122
128 9
334 252
238 265
67 141
78 273
345 122
315 345
317 158
98 21
339 38
24 302
27 54
197 139
109 118
252 291
170 142
82 271
203 332
105 9
232 285
64 217
239 62
248 332
73 126
224 261
283 3
144 226
119 48
290 25
172 342
119 170
285 146
300 94
236 142
346 1
184 159
159 139
53 299
149 20
83 25
332 13
25 94
342 59
238 239
17 326
80 187
325 109
224 84
161 142
122 323
161 308
142 66
308 31
136 7
271 252
255 49
48 320
3 85
246 7
109 56
109 119
239 238
272 186
200 123
285 246
271 188
31 277
326 17
284 108
140 137
56 26
343 115
25 323
345 159
297 26
343 149
320 48
200 109
185 271
7 136
326 149
104 56
339 136
308 142
324 329
9 252
1 315
21 274
119 171
345 67
280 1
313 265
277 271
56 88
9 203
85 176
111 343
14 20
310 32
304 30
199 222
92 346
72 40
284 184
125 136
134 118
9 322
302 266
332 104
40 199
212 67
200 277
82 169
270 203
308 172
261 63
146 313
188 285
57 92
168 304
199 265
332 98
169 136
213 57
248 277
98 271
56 141
310 17
199 118
239 141
21 212
176 128
175 278
203 25
265 40
26 252
339 340
172 232
31 237
311 265
309 135
330 80
230 70
272 159
21 134
24 53
40 332
261 16
239 223
304 249
277 39
224 141
142 345
72 141
313 21
261 271
276 25
109 200
288 25
329 291
194 242
223 203
290 170
261 325
36 251
291 10
342 67
21 55
108 284
3 228
168 31
67 69
323 142
261 113
55 200
13 277
322 25
258 257
285 136
80 320
265 98
252 248
62 200
313 54
196 249
323 85
82 231
141 224
342 119
304 325
136 156
325 104
211 325
304 158
254 302
92 242
30 303
274 188
28 310
271 30
286 81
144 326
265 56
249 57
341 186
174 293
33 42
312 28
199 212
9 323
168 347
67 142
1 53
115 2
333 2
332 38
291 280
119 54
271 232
135 281
258 9
285 200
330 94
263 175
212 304
238 342
284 159
111 279
141 172
66 21
313 203
84 51
139 320
25 186
252 338
200 188
59 342
162 149
304 322
185 169
252 236
25 290
56 185
158 40
238 222
56 128
199 261
271 203
63 313
62 161
302 57
19 175
98 172
28 144
249 213
239 252
332 25
265 203
303 104
339 161
119 39
239 211
313 172
200 122
104 303
75 9
137 312
272 203
218 78
261 268
314 65
57 213
21 56
7 213
139 281
5 122
55 21
80 24
178 38
186 109
304 21
192 49
203 21
285 271
122 248
104 322
312 243
302 254
236 169
304 324
266 249
3 280
243 312
211 98
195 181
8 245
297 185
113 104
10 142
129 7
56 297
248 323
273 328
115 19
36 309
129 168
242 194
343 2
21 169
226 343
40 200
172 331
326 343
134 26
332 329
3 200
331 109
150 128
101 299
203 59
231 315
265 199
99 296
322 290
296 102
118 261
238 56
117 231
312 149
304 308
105 277
204 196
315 303
284 21
239 21
312 326
277 161
340 213
98 223
172 277
128 104
313 222
98 331
299 194
122 141
324 217
291 25
13 188
104 318
261 65
265 128
163 173
116 14
92 1
26 3
165 121
3 25
149 226
328 306
172 141
303 315
56 239
122 274
46 177
249 180
73 1
272 346
53 48
199 119
248 38
24 187
196 67
304 172
87 136
323 141
323 62
189 217
280 236
115 137
25 276
186 55
30 56
60 285
197 127
334 26
304 170
259 8
346 184
186 199
200 39
185 344
184 329
149 162
285 213
185 290
13 261
204 5
109 26
169 40
194 196
85 156
67 55
98 285
123 342
118 283
45 67
80 48
162 343
272 21
271 133
67 297
13 118
115 28
230 23
58 269
46 175
25 169
80 57
135 197
203 161
113 261
116 23
275 218
285 170
314 199
279 111
126 48
36 320
137 167
140 326
130 48
302 94
315 80
101 80
23 227
92 194
2 20
72 252
323 96
91 8
143 177
200 30
257 26
331 324
142 322
188 104
239 276
23 61
325 21
204 94
346 194
223 186
56 252
113 142
26 21
285 323
290 176
93 167
276 122
96 133
41 243
188 304
203 313
200 170
232 200
235 5
6 89
171 107
257 169
224 232
271 79
187 24
141 67
113 66
56 103
59 271
40 213
158 26
211 82
285 208
119 285
26 9
40 133
143 175
56 132
45 221
212 344
285 315
301 324
21 170
326 214
281 159
281 251
109 67
25 232
59 56
92 180
122 284
322 48
277 308
290 323
167 93
250 59
106 29
274 341
249 302
118 239
111 337
252 109
56 55
80 266
252 134
104 67
94 346
141 280
325 161
322 203
96 274
158 315
199 98
134 132
280 98
254 187
329 269
297 21
100 150
110 264
266 330
171 150
322 45
72 165
344 257
184 21
119 332
257 236
277 324
332 248
329 119
225 86
232 56
291 224
53 196
315 213
322 136
181 152
141 257
180 80
26 199
45 104
332 67
303 45
250 252
3 26
98 148
185 55
172 239
295 239
325 98
252 113
323 119
188 315
55 203
137 111
224 200
194 80
295 104
17 140
266 302
232 212
249 24
200 323
323 122
203 65
259 201
161 56
119 252
238 82
197 251
105 272
291 332
289 137
195 306
313 26
108 21
98 203
260 160
346 204
271 21
334 113
172 238
299 48
65 314
1 194
175 321
261 223
10 169
185 315
67 136
203 211
329 272
203 297
212 239
80 194
161 118
170 250
176 290
225 227
324 118
98 104
318 119
291 72
38 141
156 295
31 51
123 334
251 284
19 312
53 322
203 67
89 6
235 21
68 177
227 177
281 108
280 188
144 14
126 88
315 249
232 40
131 99
103 271
119 185
200 3
7 22
132 134
239 212
231 178
21 223
194 266
109 186
127 284
322 56
123 67
299 346
144 23
149 326
56 75
144 343
98 122
31 291
272 108
118 26
232 298
13 172
184 135
200 75
203 82
280 121
177 278
236 297
26 265
331 56
298 40
262 220
314 342
127 36
94 53
186 178
41 230
118 268
185 274
161 252
199 203
299 24
175 99
325 252
87 161
239 234
302 194
252 29
142 158
88 73
16 261
20 44
3 72
57 249
278 86
251 36
44 343
143 131
50 277
203 200
72 3
72 200
252 200
280 332
254 101
161 21
86 278
328 275
91 193
248 169
9 276
258 141
303 236
82 331
97 230
113 132
53 260
23 175
186 345
184 139
239 323
54 27
291 213
188 170
62 276
128 265
170 315
143 278
188 323
25 158
56 66
40 232
123 98
284 36
331 98
303 109
25 176
136 339
104 123
124 170
174 112
85 323
325 222
290 56
3 142
300 130
109 324
251 108
218 328
9 176
128 322
26 203
252 13
149 115
111 312
119 313
68 175
186 9
128 313
330 242
211 331
72 26
67 203
257 315
236 105
213 87
21 342
329 184
224 122
31 168
67 212
115 312
273 78
332 158
26 308
13 238
159 172
92 24
207 56
278 225
115 226
315 158
56 119
26 232
135 309
232 231
172 252
159 127
68 225
231 9
23 245
322 60
141 39
266 53
176 239
162 326
304 161
237 31
169 56
322 1
1 133
133 96
115 14
313 199
304 212
90 179
346 320
113 342
142 122
9 258
75 200
148 119
320 127
118 211
280 231
14 226
281 284
239 325
9 304
173 163
30 48
187 302
56 161
260 126
165 72
88 48
103 339
56 62
188 25
73 331
272 304
24 266
67 290
271 172
172 211
57 277
118 331
67 188
211 203
278 46
113 119
320 184
194 346
134 66
51 237
322 130
56 332
67 123
199 315
25 231
56 272
315 291
266 196
133 141
243 41
177 175
65 261
24 180
243 216
265 311
249 187
119 217
85 188
187 101
309 320
36 197
87 315
322 161
28 151
177 131
239 203
187 92
299 94
280 304
31 339
56 221
179 145
48 54
3 122
203 331
53 254
98 113
56 169
313 239
8 91
126 322
22 7
21 9
67 119
25 76
83 31
188 165
137 41
341 9
271 332
315 133
312 262
157 124
121 165
232 158
249 315
3 188
297 67
128 176
218 181
239 232
21 184
152 4
340 7
312 111
327 95
2 333
59 239
248 26
249 254
184 346
59 268
324 109
82 158
322 85
169 334
56 59
252 65
224 291
120 247
334 21
325 13
226 2
119 176
280 290
277 186
118 200
9 67
148 109
248 53
325 186
323 103
170 3
197 320
24 194
342 13
141 122
298 265
141 72
285 313
